0.000157
0.000160
0.000156
0.000165
0.000218
0.000160
0.000218
0.000138
0.000137
0.000134
0.000172
0.000139
0.000198
0.000147
0.000214
0.000212
0.000214
0.000269
0.000228
0.000267
0.000284
0.000274
0.000249
0.000176
0.000255
0.000284
0.000273
0.000358
0.000358
0.000196
0.000266
0.000185
0.000219
0.000196
0.000216
0.000206
0.000204
0.000239
0.000219
0.000255
0.000257
0.000261
0.000261
0.000409
0.000276
0.000281
0.000354
0.000313
0.000305
0.000309
0.000315
0.000315
0.000364
0.000329
0.000322
0.000362
0.000321
0.000407
0.000336
0.000591
0.000335
0.000462
0.000363
0.000554
0.000413
0.000694
0.000364
0.000536
0.000287
0.000342
0.000683
0.000352
0.000463
0.000353
0.000380
0.000498
0.000389
0.000374
0.000451
0.000454
0.000559
0.000467
0.000461
0.000479
0.000476
0.000507
0.000531
0.000521
0.000533
0.000543
0.000537
0.000548
0.000592
0.000651
0.000603
0.000561
0.000341
0.000500
0.000487
0.000498
0.000474
0.000497
0.000641
0.000578
0.000603
0.000566
0.000610
0.001004
0.000632
0.000798
0.000842
0.000513
0.000528
0.000498
0.000365
0.000439
0.000372
0.000502
0.000402
0.000457
0.000684
0.000392
0.000736
0.000482
0.000738
0.000527
0.000750
0.000548
0.000766
0.000528
0.000630
0.000388
0.000730
0.000411
0.000661
0.000391
0.000629
0.000403
0.000671
0.000404
0.000698
0.000408
0.000704
0.000422
0.000687
0.000416
0.000686
0.000422
0.000754
0.000431
0.000425
0.000853
0.000449
0.000632
0.000540
0.000513
0.000599
0.000647
0.000524
0.000688
0.000612
0.000652
0.000615
0.000619
0.000900
0.000644
0.000928
0.000717
0.000706
0.000777
0.000855
0.000680
0.000850
0.000686
0.000779
0.000705
0.001269
0.000753
0.001343
0.000898
0.000934
0.000874
0.000969
0.000939
0.000501
0.000897
0.000907
0.000507
0.000912
0.000516
0.001511
0.000854
0.000914
0.001235
0.000819
0.000771
0.000927
0.000558
0.000951
0.000566
0.000918
0.000573
0.000969
0.000561
0.000935
0.000563
0.001014
0.000562
0.000981
0.000595
0.001004
0.000568
0.000639
0.000650
0.000862
0.000886
0.000892
0.000890
0.000824
0.000848
0.000907
0.000931
0.001709
0.000941
0.000928
0.000952
0.000614
0.001070
0.000953
0.001108
0.000945
0.001250
0.001084
0.000796
0.001166
0.000678
0.001062
0.001037
0.001057
0.001065
0.000665
0.000646
0.000829
0.000953
0.000914
0.000737
0.000887
0.000857
0.000649
0.000897
0.000660
0.000710
0.000655
0.000669
0.000672
0.000735
0.000830
0.000704
0.000711
0.000733
0.000716
0.000783
0.000688
0.000697
0.000696
0.000685
0.000737
0.000695
0.000958
0.000702
0.000961
0.000724
0.000707
0.000710
0.000757
0.001120
0.000811
0.000851
0.000856
0.001204
0.001058
0.000853
0.001149
0.001061
0.001471
0.001212
0.001371
0.001264
0.001378
0.001230
0.001561
0.001344
0.001234
0.001577
0.001555
0.001515
0.001587
0.001297
0.001279
0.001597
0.001150
0.001609
0.001392
0.001289
0.001412
0.001348
0.001514
0.001885
0.002017
0.001425
0.001402
0.000792
0.001411
0.001172
0.001225
0.001067
0.001243
0.001370
0.001177
0.001468
0.001522
0.001459
0.001478
0.001342
0.001353
0.002356
0.002237
0.001585
0.001294
0.001490
0.001793
0.000992
0.000962
0.000991
0.001642
0.001145
0.001672
0.001069
0.001541
0.001062
0.002207
0.001598
0.001525
0.001546
0.001490
0.001485
0.001287
0.001284
0.001631
0.002276
0.001647
0.001830
0.001657
0.001847
0.000900
0.001548
0.001001
0.001511
0.001478
0.001029
0.001258
0.001025
0.001263
0.001482
0.001645
0.001433
0.001552
0.001576
0.001528
0.001622
0.001546
0.001505
0.001934
0.001558
0.001261
0.001674
0.001695
0.001638
0.001314
0.001600
0.001710
0.001273
0.001264
0.001309
0.002204
0.001511
0.001502
0.001583
0.001515
0.001746
0.002067
0.001010
0.003060
0.001496
0.002231
0.001180
0.001715
0.000993
0.001715
0.001487
0.001618
0.001477
0.001263
0.001752
0.001469
0.001396
0.001854
0.001482
0.002068
0.001878
0.002027
0.001903
0.001696
0.002020
0.002176
0.001996
0.002064
0.002156
0.001990
0.001527
0.002223
0.001585
0.002273
0.001892
0.001884
0.001871
0.002271
0.001587
0.002005
0.002208
0.001813
0.003373
0.002120
0.001842
0.001609
0.001503
0.002087
0.001509
0.002214
0.001586
0.001590
0.002130
0.001778
0.002241
0.001744
0.001386
0.001881
0.001389
0.001875
0.001813
0.002043
0.001732
0.002155
0.002069
0.002134
0.001535
0.001496
0.002355
0.002425
0.002434
0.001169
0.001128
0.002252
0.002230
0.002270
0.003141
0.001731
0.001507
0.001299
0.002294
0.001268
0.002138
0.001630
0.001634
0.001953
0.002202
0.002845
0.001767
0.001958
0.002288
0.002273
0.002171
0.001755
0.002143
0.001420
0.001971
0.001827
0.001767
0.001897
0.001468
0.001888
0.001496
0.002059
0.002227
0.002065
0.001896
0.001956
0.002358
0.002436
0.002418
0.003940
0.002540
0.002286
0.001603
0.001485
0.001740
0.002175
0.002269
0.001811
0.002223
0.002264
0.001962
0.002526
0.001997
0.002614
0.002630
0.002524
0.002282
0.002701
0.002211
0.002533
0.002002
0.002472
0.002646
0.002733
0.002588
0.001952
0.001967
0.001928
0.001883
0.002559
0.002637
0.001950
0.002632
0.003921
0.002048
0.002286
0.002350
0.002401
0.001335
0.001330
0.002102
0.002348
0.001348
0.001762
0.001796
0.002535
0.001777
0.002108
0.002584
0.001787
0.002510
0.002225
0.002467
0.002120
0.002861
0.002003
0.002663
0.002051
0.002173
0.002520
0.002472
0.002474
0.004783
0.002369
0.002882
0.002995
0.002504
0.001814
0.002184
0.002525
0.002215
0.002528
0.002458
0.001841
0.002696
0.002336
0.002491
0.002743
0.002726
0.002698
0.001767
0.002944
0.001793
0.002840
0.002254
0.002638
0.002399
0.002460
0.002429
0.002611
0.003635
0.002525
0.003444
0.002798
0.001755
0.002596
0.001902
0.002590
0.001924
0.001944
0.002598
0.001954
0.002458
0.001821
0.001877
0.001882
0.001824
0.001901
0.001875
0.002784
0.001775
0.002979
0.001785
0.002919
0.002755
0.001824
0.001888
0.002987
0.002957
0.002566
0.002345
0.002690
0.004793
0.002315
0.002731
0.001926
0.001524
0.002704
0.001537
0.001947
0.002121
0.002140
0.002071
0.001844
0.002641
0.001837
0.002591
0.003488
0.002059
0.002415
0.002625
0.002807
0.002831
0.002815
0.002801
0.002065
0.003271
0.002480
0.002465
0.002692
0.002682
0.002753
0.002752
0.002318
0.003146
0.001850
0.002923
0.002965
0.002615
0.003132
0.002546
0.003438
0.002556
0.002835
0.003057
0.002163
0.003256
0.004827
0.002266
0.002298
0.002905
0.002922
0.004991
0.003342
0.003055
0.003001
0.002806
0.001857
0.001673
0.003043
0.002152
0.002288
0.002734
0.002595
0.002576
0.002603
0.002408
0.002534
0.002209
0.003052
0.002150
0.002780
0.002204
0.002692
0.002701
0.003107
0.003337
0.002770
0.002774
0.002421
0.002273
0.002340
0.002631
0.002545
0.002725
0.003027
0.002284
0.002503
0.003806
0.002516
0.002720
0.002898
0.002883
0.002726
0.003113
0.002457
0.002310
0.002669
0.002373
0.002949
0.002781
0.003462
0.003672
0.003022
0.003639
0.003033
0.003877
0.002651
0.002945
0.003207
0.003204
0.003945
0.004201
0.005953
0.002632
0.002182
0.001828
0.002611
0.002289
0.002331
0.002398
0.002684
0.002378
0.002629
0.002828
0.002511
0.002940
0.003276
0.003205
0.003376
0.002565
0.002851
0.003277
0.003304
0.002898
0.003107
0.002575
0.002926
0.003205
0.002874
0.002986
0.005306
0.003484
0.003722
0.003324
0.003347
0.003607
0.002107
0.003158
0.002738
0.003633
0.002952
0.002993
0.002952
0.002477
0.002508
0.002536
0.002515
0.003175
0.002469
0.003640
0.002503
0.003343
0.002864
0.002812
0.002484
0.002460
0.002539
0.002445
0.004261
0.003345
0.003033
0.002702
0.003223
0.003257
0.003036
0.003021
0.003736
0.003470
0.003473
0.004050
0.003227
0.002831
0.003081
0.003841
0.002720
0.002813
0.002871
0.003880
0.002888
0.004036
0.002415
0.003441
0.002073
0.002047
0.004513
0.002788
0.002764
0.002568
0.002508
0.002476
0.002535
0.002099
0.003327
0.001999
0.003713
0.003585
0.003625
0.003466
0.003885
0.003418
0.004306
0.002978
0.003378
0.003893
0.003298
0.006731
0.003904
0.002387
0.003649
0.003498
0.002982
0.002303
0.002963
0.003142
0.002440
0.003418
0.002429
0.003405
0.003170
0.002476
0.003328
0.003236
0.003235
0.003697
0.003283
0.003255
0.003609
0.003037
0.003763
0.003090
0.007055
0.003156
0.002106
0.003290
0.002344
0.002919
0.002790
0.002931
0.003607
0.003517
0.003813
0.004374
0.004053
0.004045
0.004177
0.004418
0.002306
0.003128
0.002990
0.002941
0.003786
0.002112
0.003802
0.002215
0.004565
0.003236
0.003259
0.003844
0.002514
0.003334
0.003084
0.003252
0.003175
0.003204
0.002916
0.003203
0.003305
0.003637
0.002923
0.005072
0.003970
0.003223
0.003233
0.005068
0.003544
0.004460
0.003963
0.006067
0.003334
0.003075
0.003908
0.003693
0.003704
0.002201
0.002317
0.002240
0.003985
0.002621
0.003740
0.003711
0.002527
0.002535
0.003997
0.002509
0.003992
0.002796
0.002803
0.002591
0.002930
0.003459
0.003500
0.004020
0.004945
0.003310
0.003157
0.003681
0.003892
0.004074
0.004152
0.004087
0.004411
0.003857
0.003599
0.004038
0.004086
0.003689
0.003793
0.004111
0.004088
0.003790
0.004507
0.003866
0.004170
0.003882
0.004510
0.002417
0.004456
0.003403
0.003618
0.004341
0.003914
0.004059
0.004494
0.003262
0.003859
0.003988
0.004588
0.004036
0.003477
0.003445
0.004912
0.004556
0.002968
0.004338
0.003646
0.004331
0.004244
0.003929
0.003280
0.003411
0.004018
0.003740
0.004247
0.004322
0.004588
0.004296
0.003666
0.003949
0.003682
0.003354
0.003517
0.004032
0.004675
0.005602
0.004227
0.003393
0.004334
0.000286
0.000252
0.000229
0.000225
0.000139
0.000152
0.000230
0.000213
0.000214
0.000286
0.000221
0.000228
0.000227
0.000230
0.000493
0.000273
0.000637
0.000418
0.000216
0.000298
0.000231
0.000258
0.000270
0.000256
0.000264
0.000242
0.000263
0.000189
0.000203
0.000276
0.000275
0.000227
0.000361
0.000200
0.000270
0.000269
0.000272
0.000209
0.000283
0.000276
0.000277
0.000277
0.000237
0.000252
0.000254
0.000249
0.000255
0.000252
0.000260
0.000297
0.000301
0.000295
0.000308
0.000252
0.000307
0.000321
0.000258
0.000314
0.000319
0.000429
0.000333
0.000331
0.000277
0.000371
0.000351
0.000344
0.000340
0.000475
0.000351
0.000361
0.000360
0.000349
0.000357
0.000355
0.000391
0.000357
0.000379
0.000368
0.000369
0.000371
0.000376
0.000398
0.000380
0.000379
0.000512
0.000326
0.000420
0.000388
0.000530
0.000390
0.000532
0.000420
0.000407
0.000412
0.000415
0.000738
0.000401
0.000405
0.000386
0.000408
0.000403
0.000375
0.000378
0.000386
0.000456
0.000410
0.000418
0.000394
0.000403
0.000410
0.000393
0.000383
0.000576
0.000698
0.000622
0.000655
0.000627
0.000626
0.000588
0.000623
0.000692
0.000507
0.000739
0.000509
0.000716
0.000654
0.000681
0.000668
0.000459
0.000428
0.000736
0.000750
0.000435
0.000473
0.000770
0.000447
0.000442
0.000784
0.000787
0.000527
0.000498
0.000844
0.000692
0.000649
0.000643
0.000764
0.000656
0.000782
0.000831
0.000747
0.000800
0.000803
0.000553
0.000940
0.000949
0.000848
0.000931
0.000859
0.000866
0.000681
0.001288
0.000995
0.000644
0.000665
0.000768
0.001447
0.000929
0.000973
0.000971
0.001029
0.000985
0.001007
0.001059
0.001077
0.000818
0.000809
0.001129
0.000969
0.001170
0.001174
0.000764
0.000736
0.000701
0.001141
0.000704
0.000801
0.001118
0.001167
0.001246
0.001192
0.001238
0.000783
0.001115
0.000697
0.001122
0.000708
0.001095
0.000911
0.000891
0.001207
0.000881
0.001265
0.001218
0.000971
0.000979
0.001010
0.001276
0.000979
0.001428
0.000884
0.000960
0.000898
0.000933
0.000886
0.001008
0.000926
0.000849
0.001243
0.000845
0.000901
0.000823
0.000808
0.000803
0.000973
0.000804
0.000805
0.000674
0.000679
0.000716
0.000689
0.000702
0.000694
0.000857
0.000776
0.000784
0.000783
0.000761
0.000765
0.000769
0.001158
0.000784
0.001194
0.000778
0.001168
0.001046
0.001197
0.001243
0.001103
0.001092
0.001485
0.000958
0.000963
0.001401
0.001409
0.001243
0.001411
0.000875
0.001276
0.001327
0.001350
0.001198
0.000857
0.001329
0.001446
0.001451
0.001535
0.001403
0.001491
0.001484
0.001570
0.000868
0.001372
0.001516
0.000791
0.001434
0.001393
0.001191
0.001425
0.001223
0.001369
0.001196
0.001408
0.001342
0.001346
0.001641
0.001146
0.001539
0.001613
0.001190
0.001428
0.001458
0.001830
0.001487
0.001602
0.001615
0.001859
0.001826
0.001767
0.001794
0.001558
0.001542
0.001539
0.001525
0.001495
0.001088
0.001472
0.001812
0.001478
0.001839
0.001865
0.001675
0.001378
0.001346
0.001312
0.001890
0.001399
0.001261
0.001267
0.001885
0.002016
0.001518
0.001192
0.001566
0.001169
0.001505
0.001463
0.001490
0.001554
0.001216
0.001229
0.001623
0.001723
0.001276
0.001446
0.001479
0.001526
0.001482
0.001599
0.001460
0.001492
0.001859
0.001922
0.001869
0.001812
0.002017
0.001283
0.002002
0.001261
0.001585
0.001924
0.001649
0.001835
0.001641
0.001744
0.001644
0.002004
0.001297
0.001296
0.001348
0.002133
0.001521
0.001538
0.001884
0.001754
0.001796
0.001695
0.001984
0.001988
0.001754
0.001979
0.001992
0.002168
0.001140
0.001458
0.001023
0.001475
0.002215
0.001658
0.001594
0.001663
0.001475
0.001102
0.001491
0.001575
0.002008
0.001976
0.001898
0.002175
0.001752
0.001848
0.001203
0.001795
0.001645
0.001439
0.001086
0.001557
0.002036
0.001625
0.002344
0.001621
0.001997
0.001637
0.001604
0.001912
0.001886
0.002167
0.002032
0.001564
0.001565
0.002343
0.002274
0.002182
0.002016
0.001221
0.001827
0.002323
0.001790
0.002346
0.001518
0.001501
0.002038
0.002677
0.002120
0.001936
0.001686
0.001685
0.001738
0.001246
0.002192
0.001548
0.002277
0.001972
0.001266
0.001925
0.002026
0.001507
0.002345
0.001455
0.001470
0.001721
0.001707
0.001687
0.002299
0.001381
0.002399
0.001376
0.001823
0.001894
0.001896
0.001751
0.002170
0.002180
0.002101
0.002171
0.002259
0.002498
0.002049
0.002243
0.002220
0.002636
0.002643
0.001327
0.001578
0.001383
0.002103
0.002151
0.001541
0.001478
0.001515
0.001509
0.001291
0.002313
0.002166
0.002206
0.002204
0.001344
0.001377
0.002379
0.002187
0.001876
0.002131
0.001867
0.001900
0.001388
0.002283
0.002417
0.002373
0.002336
0.001319
0.001338
0.002650
0.001327
0.002610
0.001993
0.002334
0.001820
0.002555
0.002249
0.002194
0.002188
0.002734
0.002223
0.002169
0.002547
0.001368
0.002049
0.002010
0.002640
0.002106
0.002084
0.002816
0.002114
0.002562
0.002780
0.002140
0.002425
0.002628
0.002611
0.002763
0.003142
0.002495
0.002907
0.002666
0.002652
0.002645
0.002169
0.001680
0.002263
0.001904
0.002341
0.001848
0.001729
0.001438
0.002453
0.001598
0.001896
0.002048
0.002149
0.002436
0.002492
0.002508
0.001454
0.001440
0.002388
0.001428
0.001799
0.001827
0.001847
0.002615
0.001944
0.001914
0.002720
0.002281
0.001521
0.002350
0.001453
0.002586
0.002597
0.002601
0.002667
0.002160
0.002470
0.002174
0.002433
0.002095
0.002142
0.001968
0.002276
0.002212
0.002453
0.002120
0.002820
0.002091
0.001595
0.002734
0.001540
0.002615
0.001530
0.002610
0.001918
0.001565
0.001947
0.002832
0.002615
0.003119
0.002582
0.003166
0.001621
0.001543
0.003260
0.001546
0.003009
0.002600
0.002465
0.002506
0.001745
0.002612
0.002579
0.002313
0.002260
0.001599
0.001582
0.002697
0.002659
0.003414
0.002598
0.002484
0.003411
0.002481
0.002703
0.003006
0.003147
0.003068
0.003142
0.002101
0.003029
0.002052
0.002006
0.002124
0.002911
0.002716
0.001698
0.002457
0.002484
0.001724
0.002202
0.003217
0.003159
0.003158
0.003441
0.002257
0.002953
0.003269
0.003332
0.003618
0.002661
0.003032
0.002998
0.001729
0.002313
0.002295
0.003282
0.002696
0.003297
0.003032
0.003082
0.003006
0.003608
0.003589
0.001749
0.001724
0.001708
0.003302
0.003036
0.001973
0.003362
0.002543
0.003034
0.002259
0.003099
0.003297
0.002274
0.002258
0.003662
0.002578
0.003088
0.003353
0.003388
0.003107
0.002881
0.003458
0.003756
0.002953
0.001858
0.003683
0.003407
0.003738
0.003098
0.003024
0.002973
0.002455
0.001894
0.001748
0.003404
0.003301
0.003201
0.003225
0.002789
0.003492
0.003125
0.003175
0.003828
0.001991
0.002496
0.003530
0.002656
0.003006
0.003853
0.003219
0.003517
0.003457
0.002156
0.002856
0.003584
0.001898
0.003524
0.003298
0.003376
0.003697
0.003649
0.003575
0.003803
0.001911
0.003275
0.002009
0.003694
0.003564
0.003005
0.001923
0.001915
0.003200
0.001915
0.003186
0.002588
0.003339
0.002502
0.003188
0.002458
0.002476
0.003144
0.002874
0.002214
0.003783
0.003162
0.002944
0.003646
0.003883
0.003719
0.001990
0.003444
0.001997
0.003158
0.002814
0.003727
0.003529
0.003936
0.003701
0.003681
0.003227
0.003790
0.003233
0.003851
0.003332
0.003369
0.003900
0.003331
0.002905
0.004842
0.003840
0.003160
0.003385
0.003598
0.003653
0.003707
0.003058
0.003116
0.003839
0.003365
0.003866
0.004722
0.004151
0.004376
0.004632
0.002193
0.004255
0.004191
0.002992
0.002995
0.002046
0.004144
0.002846
0.004101
0.004278
0.004762
0.003961
0.004324
0.003749
0.004718
0.004316
0.004847
0.004373
0.004443
0.004377
0.004282
0.003890
0.004789
0.003039
0.003759
0.004406
0.004469
0.004377
0.002262
0.004390
0.003642
0.003510
0.004636
0.004328
0.004372
0.002765
0.003220
0.003802
0.004091
0.004197
0.004134
0.004455
0.004224
0.004390
0.004540
0.004440
0.003624
0.003258
0.004473
0.004387
0.004638
0.004371
0.004131
0.004546
0.004475
0.004646
0.005065
0.004398
0.004822
0.004231
0.004555
0.004260
0.003357
0.003247
0.004737
0.002873
0.005354
0.004379
0.003766
0.003724
0.004223
0.003934
0.003503
0.003826
0.003874
0.003068
0.004840
0.004671
0.004541
0.003679
0.004625
0.004453
0.003478
0.004771
0.004374
0.004343
0.002653
0.003416
0.004090
0.004019
0.003235
0.004616
0.004654
0.003925
0.003971
0.004242
0.004924
0.003785
0.004772
0.003293
0.003707
0.003838
0.003368
0.002259
0.003057
0.002316
0.002353
0.002432
0.002301
0.002271
0.003568
0.002327
0.003937
0.002301
0.002263
0.002288
0.004120
0.002290
0.004192
0.002309
0.004682
0.002346
0.004245
0.004867
0.004406
0.004088
0.004084
0.004142
0.002530
0.004487
0.003256
0.004395
0.003764
0.004186
0.004251
0.004493
0.004013
0.003761
0.004459
0.003948
0.003655
0.004754
0.004599
0.004947
0.005636
0.004946
0.004486
0.004539
0.005821
0.004826
0.004898
0.003850
0.004893
0.004536
0.006011
0.005053
0.002422
0.002411
0.002757
0.003756
0.004607
0.004748
0.004993
0.003821
0.003549
0.002991
0.003000
0.003348
0.004016
0.004708
0.002535
0.004680
0.004260
0.002466
0.004794
0.003089
0.003044
0.004786
0.004363
0.003062
0.004090
0.004033
0.004061
0.004319
0.004230
0.004689
0.005188
0.003764
0.004211
0.005212
0.002750
0.005630
0.004838
0.005414
0.003149
0.003721
0.004748
0.004728
0.005416
0.005725
0.005091
0.004412
0.004728
0.002742
0.004305
0.004899
0.004989
0.002609
0.004369
0.005405
0.005651
0.005769
0.005188
0.005513
0.005691
0.005298
0.005617
0.005193
0.005328
0.005781
0.004379
0.005095
0.006448
0.002678
0.004924
0.003090
0.002986
0.005553
0.005241
0.005757
0.005569
0.005495
0.005315
0.004627
0.002619
0.003208
0.003572
0.003614
0.003828
0.003871
0.005014
0.002589
0.004054
0.003692
0.004595
0.004636
0.003601
0.004376
0.005097
0.004255
0.004750
0.004501
0.002859
0.003466
0.003516
0.003463
0.002649
0.004542
0.003649
0.003641
0.005052
0.002773
0.004664
0.003644
0.004051
0.004272
0.005242
0.005015
0.004538
0.005811
0.003002
0.005098
0.005161
0.004717
0.004547
0.005096
0.005112
0.005451
0.003733
0.003758
0.004464
0.004443
0.004151
0.005084
0.002693
0.003766
0.003791
0.004587
0.004837
0.004504
0.004097
0.004927
0.002919
0.003761
0.005738
0.004590
0.004415
0.004911
0.004875
0.004637
0.003937
0.002890
0.004912
0.004079
0.004891
0.004588
0.005068
0.004627
0.005386
0.003430
0.004996
0.003241
0.004375
0.003870
0.004097
0.004813
0.004570
0.004317
0.005690
0.005976
0.005272
0.005020
0.005060
0.005349
0.005411
0.005780
0.005752
0.005160
0.005730
0.004928
0.005629
0.002875
0.005088
0.005948
0.005279
0.005886
0.005815
0.004129
0.005354
0.004912
0.004196
0.003590
0.003022
0.003241
0.002828
0.005813
0.005597
0.002899
0.002846
0.002796
0.003531
0.003554
0.002825
0.004890
0.002957
0.004468
0.004231
0.004014
0.002856
0.002971
0.004890
0.002816
0.002826
0.002890
0.005602
0.004554
0.004715
0.004965
0.008419
0.005423
0.004578
0.006092
0.004654
0.005625
0.004250
0.005550
0.003273
0.004390
0.005243
0.006026
0.005261
0.005285
0.005564
0.002963
0.004048
0.005253
0.004898
0.004124
0.003125
0.005178
0.004097
0.004891
0.004922
0.005069
0.004969
0.004495
0.003004
0.005227
0.005351
0.003898
0.005745
0.004591
0.005231
0.004626
0.006792
0.005444
0.005790
0.006334
0.005745
0.006343
0.002980
0.004494
0.004416
0.005947
0.005565
0.005740
0.005848
0.004127
0.004477
0.007339
0.005102
0.003106
0.005795
0.005752
0.005094
0.004810
0.003095
0.003060
0.003337
0.003046
0.003090
0.003104
0.003078
0.003151
0.003051
0.003100
0.003126
0.004729
0.003442
0.003131
0.003075
0.003087
0.003126
0.003073
0.004164
0.003114
0.003138
0.003479
0.003255
0.003484
0.004165
0.003279
0.004334
0.004312
0.004866
0.003082
0.004596
0.004127
0.005129
0.003156
0.004342
0.005297
0.004912
0.004775
0.004322
0.004606
0.004904
0.007237
0.006684
0.005123
0.006737
0.003125
0.004633
0.004686
0.006481
0.003117
0.004439
0.006807
0.003332
0.005432
0.005662
0.005747
0.006124
0.005713
0.009225
0.003973
0.003432
0.003212
0.004397
0.004473
0.004687
0.003254
0.003200
0.003259
0.004674
0.003333
0.004290
0.004248
0.003491
0.003542
0.005251
0.003312
0.006436
0.005217
0.004428
0.003874
0.005469
0.005173
0.005024
0.004835
0.006327
0.005923
0.005965
0.006496
0.005227
0.003269
0.004543
0.005824
0.003378
0.004338
0.005677
0.005312
0.005603
0.004761
0.005204
0.004034
0.005914
0.004637
0.004628
0.006486
0.005192
0.005426
0.004900
0.005736
0.006144
0.004932
0.004430
0.004455
0.003363
0.005912
0.004670
0.004493
0.003327
0.005907
0.005620
0.003460
0.004910
0.005662
0.005656
0.006298
0.005645
0.006420
0.005213
0.004024
0.006043
0.005120
0.006524
0.005937
0.005743
0.006122
0.006160
0.003476
0.005267
0.006220
0.006138
0.003594
0.005085
0.005408
0.005454
0.004223
0.006097
0.005684
0.005591
0.005724
0.003413
0.004746
0.006795
0.005588
0.004584
0.006049
0.005598
0.004110
0.005635
0.006814
0.006409
0.006722
0.006717
0.005257
0.005297
0.006652
0.005553
0.005871
0.006526
0.005272
0.005055
0.006760
0.004503
0.005198
0.003529
0.005563
0.005270
0.003508
0.005749
0.006981
0.008945
0.005986
0.004012
0.003557
0.004984
0.003530
0.003485
0.004045
0.005336
0.004156
0.005466
0.005043
0.003569
0.003532
0.004238
0.004415
0.005618
0.003904
0.005989
0.005672
0.006233
0.003676
0.003552
0.006037
0.004984
0.005648
0.006162
0.004436
0.006290
0.006454
0.004231
0.006214
0.005215
0.005192
0.004376
0.003547
0.005590
0.004317
0.005657
0.005307
0.005339
0.005634
0.006875
0.005897
0.003904
0.003623
0.006025
0.004015
0.007504
0.006203
0.003771
0.006156
0.005374
0.004094
0.005577
0.005406
0.005311
0.007082
0.006422
0.004180
0.005519
0.005535
0.006028
0.007024
0.004260
0.003658
0.003715
0.004169
0.005404
0.005182
0.004849
0.005346
0.004253
0.007348
0.005547
0.003663
0.004061
0.005142
0.005374
0.006101
0.005418
0.007273
0.007087
0.004873
0.003675
0.004412
0.006236
0.006142
0.004234
0.006498
0.005146
0.006546
0.005377
0.007130
0.005962
0.005146
0.006160
0.005467
0.004999
0.007130
0.005414
0.004049
0.005924
0.005563
0.004412
0.006232
0.006150
0.005806
0.006830
0.005132
0.005425
0.006617
0.004089
0.005854
0.006580
0.006371
0.006210
0.006671
0.005884
0.005046
0.006889
0.006797
0.003782
0.005770
0.005958
0.006543
0.005252
0.005199
0.004249
0.005053
0.003823
0.005602
0.004712
0.003807
0.004025
0.004830
0.003822
0.004570
0.007175
0.004075
0.007422
0.004234
0.005020
0.004896
0.003872
0.003876
0.005941
0.008055
0.005783
0.005181
0.004317
0.005137
0.005438
0.006586
0.006857
0.006062
0.007541
0.005382
0.005555
0.005290
0.005645
0.004741
0.007480
0.003988
0.007033
0.006616
0.003879
0.005385
0.005830
0.006615
0.007800
0.007943
0.006411
0.006978
0.005762
0.004862
0.006231
0.005577
0.006634
0.006091
0.007463
0.007080
0.007870
0.004263
0.005927
0.004792
0.005525
0.003937
0.006984
0.007215
0.007110
0.004687
0.008581
0.007117
0.003945
0.003943
0.003955
0.006831
0.003946
0.006707
0.006618
0.007793
0.005647
0.004586
0.005530
0.003992
0.007290
0.007166
0.008392
0.008328
0.005310
0.003995
0.004040
0.005926
0.006324
0.005550
0.007076
0.005212
0.004039
0.007767
0.006642
0.006361
0.007998
0.006858
0.005714
0.007763
0.006581
0.007207
0.004036
0.007175
0.007801
0.007292
0.004271
0.004470
0.004030
0.005975
0.004633
0.004571
0.005683
0.005986
0.004122
0.006928
0.005626
0.006862
0.007552
0.007318
0.007135
0.007933
0.006830
0.004337
0.007428
0.007004
0.004349
0.004128
0.006362
0.005834
0.004328
0.004293
0.004170
0.004314
0.005586
0.004289
0.006306
0.004230
0.008705
0.004533
0.004512
0.007558
0.004158
0.004155
0.004158
0.006499
0.004237
0.005293
0.004132
0.005600
0.004191
0.008178
0.004241
0.007742
0.006012
0.006531
0.007838
0.007934
0.007482
0.008390
0.007746
0.004762
0.004667
0.004217
0.006678
0.004945
0.004229
0.004265
0.004273
0.007311
0.005308
0.008002
0.008716
0.006629
0.007798
0.004784
0.004792
0.004413
0.004377
0.006112
0.006622
0.004396
0.007604
0.007075
0.007667
0.008313
0.008065
0.007419
0.007627
0.006785
0.004589
0.004785
0.007043
0.006582
0.004314
0.004334
0.004310
0.007400
0.006025
0.004934
0.004319
0.004324
0.004311
0.006270
0.005486
0.005130
0.006768
0.009695
0.007715
0.009105
0.007850
0.008240
0.009165
0.004475
0.006348
0.004607
0.004964
0.006655
0.007400
0.004400
0.009261
0.008984
0.004344
0.004442
0.004335
0.006761
0.004299
0.007146
0.006700
0.007875
0.004478
0.007194
0.006943
0.007821
0.005968
0.004496
0.008439
0.007869
0.005990
0.009333
0.007157
0.006685
0.004371
0.011623
0.009594
0.004378
0.004513
0.004428
0.004584
0.004433
0.004474
0.006954
0.004385
0.004836
0.005815
0.007689
0.005608
0.004621
0.007107
0.004489
0.006530
0.004501
0.005580
0.007104
0.007620
0.008069
0.004517
0.007432
0.008066
0.005639
0.006113
0.006962
0.006624
0.005434
0.007406
0.006160
0.006242
0.005844
0.005537
0.004492
0.004448
0.008555
0.007368
0.007587
0.004483
0.008152
0.007060
0.007139
0.004843
0.005744
0.007304
0.008016
0.008528
0.007531
0.005416
0.007133
0.008998
0.004991
0.007441
0.005964
0.004545
0.004614
0.005128
0.005793
0.006268
0.007771
0.007012
0.006067
0.005932
0.007708
0.004623
0.008034
0.006009
0.005241
0.006435
0.007641
0.007816
0.004559
0.008841
0.006128
0.008579
0.009039
0.008169
0.007826
0.007555
0.008802
0.004835
0.004805
0.007509
0.006970
0.007073
0.007788
0.008333
0.008053
0.007409
0.006405
0.005755
0.008296
0.007646
0.007525
0.006961
0.004634
0.004597
0.006995
0.006462
0.006387
0.005763
0.006084
0.008082
0.008371
0.005951
0.004680
0.007712
0.007317
0.008077
0.007850
0.007497
0.005980
0.006927
0.009789
0.007765
0.008665
0.007821
0.009002
0.004715
0.007985
0.006029
0.008036
0.008466
0.004766
0.008426
0.006167
0.005358
0.006721
0.009095
0.008133
0.005207
0.004869
0.004722
0.007983
0.007911
0.007546
0.008703
0.008744
0.009240
0.004737
0.008709
0.004847
0.010603
0.010043
0.008448
0.004871
0.010171
0.009963
0.007404
0.005662
0.008221
0.006757
0.006873
0.006932
0.008716
0.007887
0.006304
0.007700
0.005915
0.006714
0.004792
0.008556
0.005737
0.007252
0.008082
0.010703
0.006053
0.004826
0.004921
0.004910
0.004830
0.006071
0.004854
0.006706
0.008091
0.004859
0.007597
0.008261
0.008044
0.004814
0.008781
0.006581
0.005551
0.008143
0.009237
0.007670
0.005904
0.006424
0.008650
0.004899
0.007951
0.006283
0.006684
0.007584
0.005866
0.007026
0.007828
0.007270
0.008039
0.006214
0.006470
0.008738
0.009483
0.009632
0.006500
0.008765
0.008862
0.007295
0.009682
0.008088
0.006150
0.008043
0.004933
0.006635
0.006943
0.007253
0.006216
0.008303
0.008118
0.006050
0.006561
0.008963
0.005215
0.004986
0.007351
0.005763
0.006999
0.007422
0.005060
0.005008
0.007592
0.006628
0.009116
0.006070
0.004990
0.008529
0.008440
0.009392
0.005531
0.004960
0.009312
0.007323
0.005498
0.010187
0.009822
0.008579
0.006501
0.007746
0.008722
0.005036
0.007674
0.008537
0.009112
0.005016
0.005088
0.009211
0.008338
0.009766
0.008816
0.007458
0.007941
0.009364
0.009184
0.005104
0.007705
0.009596
0.007727
0.005222
0.008042
0.008666
0.007778
0.008559
0.008414
0.006119
0.005196
0.008240
0.007063
0.005079
0.005191
0.007889
0.007006
0.006209
0.008138
0.007255
0.005842
0.005410
0.005158
0.005116
0.005137
0.005183
0.005133
0.007509
0.006883
0.005245
0.005936
0.008441
0.005176
0.007206
0.005306
0.005995
0.005174
0.007975
0.005162
0.008168
0.005236
0.005542
0.005150
0.008508
0.009158
0.007372
0.007366
0.008214
0.010152
0.005261
0.009717
0.005241
0.009197
0.005357
0.008957
0.005422
0.008785
0.005320
0.009363
0.008553
0.007050
0.006476
0.005314
0.007288
0.005585
0.005242
0.009547
0.008121
0.006608
0.006053
0.009529
0.009953
0.008825
0.006488
0.005206
0.005416
0.007818
0.007251
0.006826
0.006250
0.007078
0.009416
0.008213
0.005254
0.008061
0.006705
0.007583
0.008559
0.008816
0.006671
0.007881
0.009078
0.005276
0.009549
0.009516
0.009807
0.007056
0.006616
0.007281
0.010259
0.008858
0.005241
0.009072
0.006598
0.010474
0.008513
0.007782
0.008910
0.005317
0.005269
0.005357
0.007390
0.006309
0.006402
0.008840
0.005313
0.008729
0.007375
0.006972
0.009369
0.009843
0.008497
0.006454
0.009070
0.005326
0.008144
0.009179
0.007472
0.007819
0.008800
0.007986
0.005616
0.011134
0.005701
0.005576
0.005776
0.010233
0.006217
0.007572
0.006011
0.006298
0.007686
0.005521
0.005575
0.007734
0.005472
0.005522
0.007929
0.008038
0.008267
0.006709
0.005604
0.009427
0.006586
0.008969
0.005552
0.009000
0.005421
0.005442
0.005511
0.006748
0.006988
0.005426
0.005431
0.005575
0.007603
0.005508
0.006199
0.006899
0.006605
0.005518
0.005519
0.007069
0.005539
0.008111
0.005638
0.006794
0.007238
0.005551
0.007692
0.005911
0.005467
0.008626
0.008106
0.006918
0.006909
0.008669
0.010786
0.005529
0.005520
0.005668
0.007811
0.008591
0.008652
0.008746
0.008157
0.006606
0.005549
0.008194
0.008422
0.007889
0.007583
0.006797
0.010009
0.005668
0.009966
0.009985
0.008287
0.008752
0.009431
0.009259
0.008226
0.008619
0.008687
0.010255
0.008723
0.008156
0.008608
0.012213
0.008262
0.007214
0.008912
0.008676
0.005591
0.011499
0.008462
0.006980
0.006975
0.010442
0.008407
0.010313
0.009523
0.010263
0.009277
0.008936
0.010910
0.008878
0.011647
0.010904
0.008647
0.008298
0.009910
0.009330
0.005947
0.007207
0.007873
0.005684
0.005686
0.005818
0.005672
0.005779
0.006488
0.009507
0.005759
0.006665
0.005741
0.005830
0.005747
0.008841
0.005856
0.005831
0.005768
0.005860
0.005730
0.005761
0.005821
0.005772
0.008096
0.005815
0.005761
0.005704
0.006102
0.005770
0.005797
0.005785
0.005799
0.005889
0.011270
0.005879
0.005759
0.005885
0.005852
0.005768
0.010443
0.005779
0.005750
0.005764
0.005729
0.005761
0.005790
0.006751
0.010427
0.005830
0.006564
0.005716
0.009946
0.009637
0.006455
0.006101
0.005843
0.005933
0.005900
0.005861
0.005808
0.005862
0.005839
0.006097
0.005951
0.005840
0.005822
0.005907
0.005881
0.005911
0.005851
0.005923
0.009323
0.005834
0.005821
0.005824
0.005951
0.005876
0.005887
0.005857
0.005898
0.005921
0.005928
0.005900
0.005877
0.005892
0.005820
0.005889
0.005966
0.005893
0.005915
0.005851
0.005961
0.005895
0.005934
0.005973
0.005916
0.005924
0.005886
0.005998
0.006248
0.005897
0.006223
0.005932
0.005949
0.005955
0.005992
0.005918
0.005909
0.005956
0.005936
0.005940
0.005962
0.006011
0.005933
0.005926
0.005979
0.009532
0.010041
0.008459
0.006409
0.008022
0.010171
0.007325
0.005983
0.006164
0.008473
0.008482
0.007702
0.006958
0.010053
0.010334
0.010092
0.008946
0.005993
0.006115
0.010039
0.008782
0.006090
0.010139
0.008119
0.009804
0.010197
0.009522
0.010107
0.006104
0.005997
0.009509
0.006130
0.005979
0.006020
0.006046
0.006162
0.006098
0.010236
0.006182
0.009613
0.007834
0.008025
0.006109
0.006176
0.006293
0.009081
0.008965
0.008124
0.007794
0.010162
0.010472
0.006005
0.009655
0.010243
0.011156
0.010075
0.009702
0.010509
0.010284
0.010168
0.010116
0.010124
0.009916
0.007925
0.006150
0.011302
0.011018
0.009486
0.006128
0.010387
0.009174
0.010602
0.006177
0.011081
0.008906
0.011472
0.010788
0.009573
0.009076
0.006410
0.011706
0.010232
0.007439
0.007530
0.010299
0.006200
0.009459
0.010840
0.006198
0.007501
0.007582
0.011191
0.006288
0.006155
0.006196
0.008820
0.008986
0.010357
0.009586
0.006284
0.009965
0.008716
0.007223
0.006264
0.006493
0.006271
0.006311
0.006581
0.006729
0.006189
0.008625
0.008170
0.011235
0.008860
0.006222
0.009565
0.008536
0.011810
0.008590
0.009225
0.009632
0.007946
0.010680
0.006180
0.006247
0.006235
0.009304
0.008941
0.011376
0.010212
0.009296
0.006342
0.006296
0.009380
0.009243
0.010946
0.010448
0.009732
0.008726
0.009334
0.010509
0.011760
0.009821
0.013197
0.006237
0.010850
0.010220
0.011668
0.006289
0.010210
0.006345
0.006358
0.006296
0.006338
0.006405
0.006403
0.006348
0.008165
0.011503
0.007098
0.006563
0.009837
0.006574
0.006393
0.006932
0.006462
0.006452
0.006352
0.006389
0.009914
0.009700
0.006943
0.011666
0.012172
0.006757
0.006465
0.008325
0.006427
0.006365
0.011271
0.010134
0.010243
0.006415
0.006487
0.009294
0.008584
0.009332
0.006395
0.007434
0.010091
0.009853
0.010125
0.009576
0.010458
0.009519
0.006543
0.012364
0.011595
0.010535
0.007496
0.011840
0.010242
0.008679
0.007254
0.006528
0.011103
0.010087
0.007031
0.006547
0.006446
0.006575
0.010749
0.009142
0.010288
0.008979
0.013355
0.013146
0.006630
0.012509
0.006484
0.008464
0.006454
0.008413
0.012422
0.010186
0.009989
0.010952
0.007387
0.006507
0.010638
0.008751
0.010131
0.009332
0.009964
0.009305
0.009657
0.008994
0.009546
0.009719
0.006507
0.009777
0.009088
0.010202
0.011544
0.011538
0.009871
0.010049
0.009597
0.009709
0.007604
0.011825
0.011570
0.010516
0.008026
0.011951
0.010253
0.010020
0.010044
0.006648
0.010871
0.006696
0.010490
0.011180
0.009920
0.006841
0.010966
0.007605
0.006656
0.006869
0.006709
0.006654
0.006680
0.006677
0.006670
0.006674
0.006708
0.012811
0.006582
0.008337
0.010522
0.013129
0.006736
0.012968
0.007340
0.010367
0.009033
0.011840
0.009115
0.006853
0.011464
0.006740
0.007456
0.011951
0.010177
0.008416
0.006669
0.009566
0.008998
0.006727
0.011517
0.011832
0.012354
0.009693
0.011246
0.012207
0.009340
0.008766
0.006762
0.009846
0.010208
0.010612
0.009987
0.010599
0.007708
0.009032
0.011287
0.013240
0.013424
0.010235
0.009577
0.006732
0.006722
0.006906
0.009459
0.008938
0.007953
0.011218
0.009824
0.008187
0.011139
0.012819
0.006786
0.014239
0.007385
0.012186
0.007859
0.010575
0.007817
0.009910
0.011193
0.006977
0.010290
0.010856
0.006877
0.007400
0.008589
0.006878
0.011828
0.009956
0.008342
0.010915
0.009487
0.010916
0.012505
0.012440
0.009959
0.010203
0.010189
0.008177
0.006814
0.007232
0.009773
0.010197
0.009242
0.008130
0.009680
0.010539
0.009507
0.010581
0.011983
0.007646
0.006835
0.009459
0.006820
0.009002
0.007367
0.006987
0.010266
0.011987
0.011999
0.013286
0.010136
0.007685
0.013081
0.007039
0.010309
0.012008
0.013113
0.012016
0.010290
0.010237
0.011128
0.010077
0.011330
0.012702
0.013893
0.012105
0.012256
0.010380
0.007025
0.007070
0.007059
0.006997
0.007045
0.007005
0.007004
0.007055
0.006994
0.007030
0.007092
0.007038
0.007035
0.007074
0.007058
0.006977
0.007052
0.007007
0.007037
0.007075
0.007147
0.007356
0.007044
0.006991
0.007181
0.007032
0.007021
0.007039
0.011209
0.007014
0.009753
0.010670
0.010965
0.010759
0.011065
0.011295
0.012158
0.010781
0.010155
0.010322
0.010900
0.009579
0.008484
0.007002
0.009825
0.010339
0.010406
0.009573
0.007932
0.007230
0.007025
0.009931
0.009553
0.013284
0.011591
0.012877
0.010140
0.011740
0.010676
0.007810
0.010140
0.007257
0.009462
0.007143
0.007039
0.007403
0.007089
0.012891
0.012324
0.012233
0.012518
0.007172
0.011093
0.010421
0.007236
0.007174
0.007240
0.007169
0.011301
0.010781
0.010453
0.010358
0.010858
0.007077
0.007201
0.007125
0.011210
0.010573
0.013144
0.012371
0.013760
0.013051
0.007137
0.007121
0.012505
0.011040
0.010081
0.010050
0.010975
0.009193
0.008399
0.007227
0.007186
0.011467
0.011321
0.012841
0.011159
0.011099
0.012403
0.007138
0.011697
0.011545
0.010129
0.009972
0.010643
0.012248
0.010857
0.012312
0.007327
0.007955
0.007415
0.007382
0.007269
0.007292
0.010533
0.007299
0.007259
0.007280
0.007271
0.007315
0.007281
0.007338
0.007270
0.007270
0.007336
0.007297
0.007274
0.007328
0.007422
0.007359
0.007331
0.007229
0.007341
0.007359
0.007331
0.014677
0.007314
0.007241
0.007345
0.007648
0.012415
0.007327
0.007232
0.007411
0.007437
0.007496
0.007519
0.011754
0.007386
0.007379
0.007411
0.007440
0.011800
0.007390
0.007457
0.007429
0.007387
0.011144
0.013011
0.011414
0.009777
0.013220
0.013204
0.010375
0.008026
0.007426
0.010653
0.007998
0.007406
0.007480
0.009908
0.009966
0.010927
0.010702
0.008415
0.011692
0.010550
0.007599
0.007397
0.011685
0.010575
0.013881
0.007401
0.007388
0.007426
0.007400
0.011204
0.007414
0.007425
0.007516
0.009426
0.012075
0.013970
0.012259
0.010958
0.007653
0.010430
0.012229
0.012785
0.011880
0.010647
0.013559
0.007641
0.010140
0.007467
0.011207
0.007465
0.010727
0.011094
0.010187
0.008929
0.011176
0.010465
0.008612
0.011483
0.013339
0.011954
0.007490
0.012665
0.010618
0.009542
0.007458
0.010314
0.013706
0.007703
0.013702
0.007903
0.009598
0.007657
0.007732
0.007640
0.007722
0.008483
0.008190
0.014307
0.014195
0.007679
0.009992
0.007525
0.008236
0.010470
0.007545
0.007562
0.007709
0.009256
0.007578
0.010285
0.007534
0.010432
0.008012
0.012271
0.010264
0.008640
0.011232
0.009870
0.011517
0.012407
0.008241
0.007555
0.007596
0.007607
0.007595
0.010641
0.011899
0.011820
0.010819
0.014599
0.013125
0.012195
0.012070
0.007622
0.007753
0.007671
0.007651
0.007755
0.007761
0.007715
0.007693
0.007714
0.007726
0.007760
0.007737
0.007737
0.007713
0.007905
0.007762
0.007615
0.007688
0.007656
0.007608
0.007712
0.007691
0.007727
0.007764
0.007919
0.007816
0.007746
0.007701
0.007759
0.011032
0.012573
0.012854
0.010869
0.010381
0.007641
0.007717
0.013141
0.011393
0.007754
0.007693
0.007696
0.010412
0.011370
0.010950
0.011474
0.012148
0.010574
0.012719
0.010892
0.007757
0.009196
0.013704
0.011008
0.007759
0.011155
0.010792
0.008328
0.014980
0.012643
0.011752
0.010871
0.008312
0.007748
0.010874
0.010594
0.011111
0.013689
0.007779
0.007733
0.011578
0.012443
0.010944
0.010399
0.011209
0.011366
0.007928
0.012691
0.011495
0.012646
0.013082
0.013339
0.012397
0.011885
0.013457
0.011880
0.011972
0.011792
0.012174
0.011985
0.007871
0.011182
0.010654
0.011888
0.012090
0.011639
0.013409
0.013100
0.013220
0.013284
0.013484
0.007791
0.010873
0.012266
0.013010
0.013771
0.012377
0.011967
0.011794
0.011321
0.011793
0.007858
0.007854
0.007872
0.012379
0.007983
0.014952
0.013158
0.010933
0.009206
0.007973
0.011738
0.011762
0.012122
0.010810
0.008318
0.008014
0.007943
0.008003
0.015067
0.008059
0.008006
0.008205
0.008127
0.008125
0.008065
0.008066
0.007989
0.014617
0.008200
0.008025
0.007930
0.008108
0.007972
0.008046
0.008137
0.008089
0.008148
0.008418
0.008752
0.008932
0.008788
0.008044
0.008837
0.008808
0.008328
0.008085
0.008129
0.008139
0.008199
0.008086
0.008120
0.008082
0.008256
0.008300
0.008222
0.008143
0.008112
0.008060
0.008162
0.008106
0.008078
0.014005
0.008128
0.008160
0.008053
0.008144
0.008152
0.008080
0.008127
0.008105
0.008076
0.008104
0.008062
0.008157
0.008103
0.008104
0.008150
0.008144
0.008108
0.008088
0.008139
0.008149
0.008127
0.013861
0.008188
0.008055
0.008162
0.008139
0.008104
0.008195
0.008110
0.008114
0.008172
0.008164
0.008209
0.008143
0.008166
0.008210
0.008146
0.008226
0.011424
0.008079
0.013195
0.012454
0.014114
0.015340
0.013434
0.011585
0.009359
0.008212
0.011508
0.012195
0.011119
0.009170
0.008212
0.016538
0.012178
0.008096
0.008396
0.011077
0.012278
0.012820
0.008237
0.013450
0.012863
0.008571
0.011212
0.008660
0.011977
0.008330
0.014421
0.008362
0.011129
0.008248
0.011191
0.011495
0.010658
0.011388
0.012594
0.014428
0.012048
0.012571
0.008266
0.013669
0.013457
0.014223
0.012185
0.012539
0.012581
0.013881
0.012798
0.011847
0.011800
0.014177
0.012120
0.008178
0.008217
0.013974
0.012126
0.009023
0.012296
0.013952
0.012934
0.008699
0.014844
0.011662
0.010974
0.013300
0.008255
0.016082
0.012717
0.013479
0.013142
0.013698
0.008295
0.011004
0.010675
0.008299
0.008248
0.014557
0.012576
0.008327
0.008398
0.013008
0.011864
0.012312
0.013006
0.012778
0.008846
0.008418
0.010679
0.008361
0.010665
0.015090
0.008480
0.011148
0.013443
0.012032
0.011047
0.012763
0.009271
0.008400
0.008463
0.008783
0.011632
0.011198
0.017558
0.012774
0.010206
0.011309
0.010550
0.012865
0.012805
0.009193
0.011020
0.008944
0.008458
0.012051
0.012317
0.008648
0.011152
0.008297
0.008359
0.012988
0.011499
0.012070
0.013822
0.013171
0.014663
0.013637
0.011800
0.012594
0.012837
0.014647
0.014384
0.014485
0.017496
0.008554
0.008643
0.012482
0.008431
0.008482
0.008503
0.008402
0.008449
0.014122
0.012964
0.008449
0.008477
0.011871
0.008521
0.012511
0.013920
0.013548
0.012300
0.011498
0.015751
0.008535
0.014499
0.013195
0.008702
0.008535
0.008644
0.008637
0.008452
0.008695
0.009255
0.009475
0.009333
0.009319
0.009111
0.009477
0.008851
0.011858
0.008637
0.008657
0.008718
0.008618
0.008653
0.008552
0.008579
0.008653
0.008572
0.013721
0.008619
0.008699
0.008679
0.008642
0.008705
0.010578
0.015200
0.009730
0.008688
0.008604
0.008651
0.008680
0.008634
0.008659
0.008623
0.008682
0.008956
0.008661
0.008723
0.008670
0.008635
0.008700
0.008855
0.008698
0.008731
0.008689
0.008743
0.008804
0.008686
0.008745
0.013773
0.008717
0.012221
0.012124
0.012387
0.012376
0.009412
0.015960
0.017124
0.013047
0.014819
0.013795
0.012517
0.011786
0.014548
0.012713
0.013445
0.013340
0.008624
0.008636
0.013237
0.012082
0.012012
0.013913
0.012535
0.014105
0.014359
0.014113
0.012481
0.012011
0.008883
0.008676
0.008691
0.011257
0.012572
0.009152
0.008754
0.011519
0.010736
0.008997
0.008781
0.008816
0.008832
0.014041
0.009797
0.008811
0.008878
0.008834
0.008991
0.008822
0.008836
0.008839
0.008847
0.009195
0.016571
0.008958
0.008833
0.008851
0.009027
0.015146
0.010221
0.008987
0.016094
0.014473
0.009137
0.008830
0.008879
0.012642
0.011880
0.013903
0.014837
0.014531
0.014565
0.012732
0.011703
0.009623
0.014977
0.013180
0.008803
0.008803
0.014173
0.014079
0.009037
0.008820
0.008882
0.012504
0.012014
0.008884
0.015204
0.014316
0.013423
0.009141
0.008801
0.015623
0.008939
0.011261
0.012427
0.012766
0.012165
0.015061
0.013778
0.013039
0.011821
0.008877
0.008944
0.015159
0.015207
0.013728
0.013283
0.014327
0.013555
0.012442
0.012191
0.015519
0.014606
0.014131
0.015896
0.013203
0.012988
0.015321
0.009003
0.009082
0.009020
0.011770
0.012764
0.009014
0.012324
0.014091
0.014379
0.013566
0.014256
0.014462
0.014440
0.009004
0.012485
0.012565
0.015120
0.014776
0.015009
0.009074
0.008979
0.008898
0.011954
0.018278
0.015018
0.013860
0.015351
0.013176
0.013784
0.012550
0.012375
0.015555
0.009072
0.009146
0.013750
0.014037
0.009008
0.015289
0.014358
0.014530
0.012726
0.015706
0.014063
0.008972
0.015343
0.014808
0.016842
0.013633
0.014322
0.012482
0.013698
0.014222
0.012462
0.014450
0.015267
0.009135
0.009117
0.009068
0.014264
0.010095
0.013118
0.012334
0.014677
0.013322
0.012211
0.014494
0.015136
0.015402
0.008985
0.014992
0.014601
0.009038
0.009071
0.009181
0.009085
0.009172
0.009129
0.009160
0.009220
0.009172
0.009170
0.009170
0.009204
0.009148
0.009218
0.009235
0.009187
0.009209
0.009133
0.009233
0.009261
0.009182
0.009431
0.009179
0.009137
0.009151
0.009213
0.009281
0.009238
0.014217
0.009853
0.009316
0.014587
0.009477
0.009214
0.009270
0.009158
0.009266
0.009270
0.009172
0.012524
0.009212
0.009239
0.009218
0.009354
0.009294
0.009275
0.009249
0.009306
0.009457
0.009241
0.009384
0.009257
0.009608
0.009485
0.009375
0.009495
0.009533
0.009436
0.009543
0.009691
0.009448
0.010434
0.014316
0.010199
0.010535
0.012699
0.009345
0.009802
0.009821
0.009418
0.011647
0.013960
0.011502
0.014253
0.014464
0.010769
0.011214
0.010159
0.010665
0.009784
0.012329
0.009807
0.010661
0.010266
0.009768
0.010914
0.009747
0.009980
0.010018
0.009603
0.010032
0.010534
0.010501
0.009578
0.010348
0.010353
0.009423
0.011566
0.015148
0.010271
0.009368
0.013704
0.009545
0.009354
0.017208
0.009463
0.014944
0.010260
0.018438
0.011162
0.013219
0.014542
0.009907
0.013123
0.015013
0.009770
0.009757
0.009637
0.015636
0.010120
0.010047
0.009751
0.016000
0.013758
0.009701
0.013993
0.011011
0.010007
0.010443
0.013992
0.011132
0.010535
0.013280
0.010279
0.009693
0.009707
0.010071
0.014043
0.010016
0.010197
0.009980
0.010747
0.012909
0.010224
0.013883
0.009749
0.010193
0.015167
0.016808
0.009732
0.013922
0.013836
0.010158
0.015926
0.016119
0.015201
0.013331
0.009671
0.013643
0.009821
0.014314
0.010459
0.014695
0.013746
0.015382
0.015664
0.010243
0.009828
0.009801
0.009850
0.013121
0.010201
0.012403
0.014061
0.010353
0.010114
0.009955
0.009862
0.010173
0.014668
0.010524
0.010492
0.010394
0.010648
0.011099
0.010520
0.010008
0.010488
0.010592
0.009679
0.010277
0.009838
0.010225
0.009835
0.014384
0.009938
0.013413
0.010285
0.013280
0.010746
0.010297
0.012592
0.013460
0.009919
0.010067
0.014898
0.010408
0.014814
0.010428
0.013386
0.010052
0.009766
0.016423
0.010425
0.013330
0.009645
0.009898
0.010002
0.009691
0.009931
0.014182
0.013570
0.009682
0.010416
0.010098
0.013495
0.013812
0.016884
0.010305
0.010446
0.010627
0.010213
0.009994
0.013625
0.016846
0.010800
0.012589
0.015938
0.017172
0.017410
0.014940
0.010045
0.010471
0.013055
0.016322
0.009874
0.012337
0.013174
0.015181
0.014424
0.012231
0.009906
0.017245
0.010391
0.014535
0.014770
0.017281
0.015542
0.016490
0.009865
0.010430
0.010446
0.013691
0.009787
0.009884
0.014004
0.010559
0.009885
0.011056
0.010521
0.009809
0.010504
0.010510
0.013619
0.013106
0.010307
0.014551
0.013472
0.014252
0.011108
0.014541
0.009887
0.010101
0.010587
0.010656
0.010055
0.014250
0.011349
0.013982
0.014723
0.013343
0.015411
0.010528
0.010588
0.013771
0.010622
0.010709
0.009962
0.013445
0.011226
0.010613
0.014939
0.010193
0.015437
0.010636
0.009968
0.013244
0.010677
0.014175
0.011325
0.014720
0.009889
0.013417
0.014877
0.011041
0.012937
0.010205
0.010495
0.013169
0.010742
0.015142
0.010149
0.010277
0.012831
0.010981
0.010664
0.010086
0.010902
0.014212
0.016141
0.011003
0.010525
0.009985
0.013425
0.010359
0.010546
0.014305
0.009955
0.017199
0.010195
0.012489
0.009974
0.009943
0.013355
0.014532
0.014968
0.014885
0.015777
0.016099
0.016029
0.010177
0.017307
0.018691
0.010053
0.013587
0.010029
0.010108
0.013412
0.016536
0.010277
0.014431
0.009955
0.010085
0.011618
0.010045
0.010009
0.010036
0.010088
0.016989
0.013594
0.014066
0.014354
0.014911
0.015365
0.013482
0.014374
0.014477
0.015899
0.014588
0.014363
0.016245
0.014375
0.010268
0.010078
0.015830
0.014077
0.010379
0.013322
0.015646
0.009998
0.016819
0.014729
0.010122
0.013352
0.010935
0.014974
0.016113
0.010310
0.014332
0.014811
0.015143
0.015654
0.015547
0.010108
0.017118
0.010099
0.013532
0.013571
0.014403
0.010374
0.014807
0.016577
0.010092
0.010092
0.010134
0.010010
0.014351
0.011166
0.010107
0.013238
0.013060
0.014837
0.013904
0.014463
0.015361
0.010243
0.010239
0.015148
0.014133
0.010882
0.012207
0.014771
0.011239
0.017293
0.015971
0.015898
0.016512
0.016297
0.016811
0.015139
0.014243
0.017108
0.017396
0.014824
0.016536
0.017287
0.015824
0.010278
0.010500
0.013410
0.014318
0.010245
0.013200
0.016001
0.013596
0.015791
0.013933
0.014034
0.015096
0.012674
0.013303
0.016260
0.010326
0.010340
0.015531
0.016016
0.018037
0.018763
0.016715
0.014366
0.010858
0.010528
0.010425
0.015653
0.010227
0.015846
0.013623
0.017766
0.013999
0.015527
0.013681
0.010305
0.010365
0.012270
0.014444
0.013006
0.014375
0.011123
0.010353
0.018005
0.012186
0.014724
0.011137
0.010395
0.010413
0.016384
0.014230
0.010462
0.014092
0.016218
0.010415
0.010434
0.010430
0.014715
0.014105
0.011105
0.010349
0.017289
0.014828
0.010536
0.010776
0.014442
0.014216
0.014262
0.014440
0.010352
0.010353
0.017059
0.011162
0.016318
0.014793
0.016266
0.010351
0.014651
0.015252
0.017756
0.013951
0.010394
0.017274
0.016969
0.016004
0.017267
0.016401
0.010438
0.010471
0.013882
0.016711
0.016248
0.016060
0.015928
0.011295
0.016320
0.018574
0.014047
0.015252
0.013883
0.010694
0.010465
0.014297
0.013864
0.010385
0.010456
0.014248
0.010594
0.017230
0.010918
0.010510
0.019368
0.017155
0.016753
0.013938
0.016877
0.013990
0.010650
0.010394
0.010572
0.014197
0.014837
0.010628
0.010474
0.017118
0.015737
0.016563
0.014957
0.010545
0.017605
0.013847
0.014641
0.010568
0.014441
0.015342
0.013958
0.016246
0.014093
0.015927
0.014218
0.010692
0.014358
0.014767
0.015479
0.015614
0.015142
0.015243
0.015950
0.014841
0.016595
0.017018
0.015786
0.014559
0.016809
0.018239
0.016796
0.015539
0.013975
0.015664
0.015172
0.015961
0.010727
0.013565
0.016584
0.016130
0.010557
0.010538
0.010650
0.010598
0.010648
0.010592
0.011752
0.010712
0.016210
0.016349
0.016762
0.016826
0.018034
0.016283
0.010722
0.010748
0.015578
0.010847
0.014135
0.010749
0.013987
0.010783
0.017266
0.010792
0.015034
0.017306
0.017410
0.010702
0.010697
0.014729
0.016823
0.016754
0.016069
0.014923
0.010655
0.017769
0.014897
0.017963
0.015559
0.016930
0.015339
0.017144
0.010895
0.014361
0.010735
0.010822
0.013867
0.015003
0.011360
0.017068
0.016327
0.017055
0.017591
0.016018
0.010853
0.011085
0.013537
0.016550
0.010803
0.016447
0.017548
0.010832
0.010848
0.010838
0.016265
0.016937
0.010847
0.010854
0.010755
0.010826
0.014614
0.018243
0.015067
0.015318
0.014896
0.015317
0.010831
0.016406
0.015367
0.011048
0.016594
0.016227
0.013752
0.015107
0.011433
0.010862
0.015166
0.010942
0.010833
0.017020
0.018694
0.018372
0.016426
0.010814
0.015924
0.015144
0.014578
0.016066
0.015694
0.014294
0.016735
0.014647
0.016533
0.010974
0.010913
0.010996
0.010869
0.010952
0.010894
0.010925
0.010848
0.010952
0.010920
0.011023
0.010903
0.010914
0.010848
0.010961
0.016922
0.010934
0.015577
0.016505
0.015803
0.015041
0.016474
0.014295
0.011177
0.018566
0.017880
0.019385
0.016943
0.011022
0.014305
0.015769
0.017142
0.014542
0.016319
0.016116
0.016888
0.016401
0.017859
0.015339
0.017407
0.014481
0.017222
0.017366
0.016322
0.014283
0.011002
0.011162
0.010999
0.011000
0.013844
0.015168
0.015040
0.010941
0.010960
0.015928
0.015793
0.016566
0.011276
0.011198
0.011047
0.013576
0.011077
0.016024
0.010976
0.011068
0.013893
0.016025
0.016276
0.015255
0.011037
0.011057
0.015501
0.015529
0.015991
0.015006
0.015359
0.016307
0.014368
0.011067
0.013827
0.014466
0.011023
0.010963
0.014872
0.013745
0.020912
0.011216
0.015581
0.016929
0.017474
0.011082
0.011129
0.016715
0.014747
0.016722
0.015644
0.011079
0.018129
0.016894
0.011038
0.016633
0.014562
0.011147
0.017427
0.015966
0.016430
0.016734
0.012028
0.018504
0.012145
0.014950
0.014269
0.015675
0.014423
0.017124
0.015970
0.017956
0.016507
0.017694
0.017052
0.017610
0.019040
0.011163
0.011313
0.015470
0.011083
0.017452
0.011233
0.013610
0.017333
0.017292
0.017702
0.017436
0.016475
0.015996
0.011157
0.011191
0.015643
0.014624
0.011329
0.016859
0.015635
0.016815
0.016060
0.011263
0.011271
0.016595
0.011264
0.015077
0.011445
0.016767
0.012212
0.017250
0.017978
0.012865
0.016513
0.011283
0.011228
0.011251
0.016828
0.015524
0.015657
0.015636
0.016303
0.014761
0.011424
0.015758
0.015605
0.017313
0.017472
0.017651
0.016366
0.016357
0.011284
0.011332
0.011185
0.014150
0.014850
0.017803
0.017380
0.011272
0.011273
0.011273
0.017472
0.018575
0.016089
0.016829
0.016259
0.011356
0.011334
0.017056
0.014770
0.012014
0.011399
0.017172
0.018413
0.015563
0.014861
0.011145
0.011426
0.016556
0.011726
0.017995
0.016140
0.017533
0.016030
0.017517
0.015961
0.013740
0.011559
0.011489
0.011528
0.011522
0.011378
0.011418
0.011526
0.020286
0.011564
0.011410
0.011443
0.011460
0.011329
0.011417
0.011544
0.011433
0.011455
0.011374
0.011436
0.011440
0.011423
0.011439
0.011562
0.011457
0.011567
0.011654
0.011634
0.011626
0.011598
0.012116
0.012116
0.012235
0.012210
0.012277
0.012232
0.011846
0.011603
0.011739
0.011576
0.011772
0.011618
0.011564
0.011491
0.015746
0.011684
0.014095
0.016195
0.015373
0.011482
0.011485
0.011480
0.016612
0.017961
0.011471
0.011476
0.011555
0.018036
0.018697
0.018106
0.011650
0.011645
0.017067
0.016305
0.017544
0.015141
0.016951
0.017409
0.016491
0.017654
0.017990
0.019339
0.011589
0.017293
0.018536
0.012633
0.017869
0.022203
0.011719
0.011703
0.014531
0.012026
0.011569
0.011516
0.017649
0.011693
0.018471
0.011724
0.022976
0.015300
0.011878
0.017065
0.011640
0.018588
0.011585
0.016639
0.014826
0.011627
0.014188
0.015244
0.011619
0.016486
0.011665
0.016095
0.016042
0.011660
0.016858
0.016625
0.015109
0.011665
0.011656
0.017598
0.017270
0.016532
0.016382
0.016883
0.018132
0.011602
0.018603
0.018028
0.016025
0.015345
0.011733
0.011666
0.017308
0.017572
0.011612
0.011664
0.011856
0.011865
0.011765
0.014329
0.011791
0.017013
0.016723
0.015435
0.018849
0.011765
0.013985
0.019865
0.018400
0.017008
0.017627
0.015547
0.018628
0.012693
0.018515
0.015402
0.018123
0.016258
0.011704
0.018833
0.017643
0.016496
0.018178
0.016876
0.012236
0.012130
0.014310
0.011903
0.016456
0.011809
0.015520
0.011769
0.011836
0.016455
0.011896
0.020289
0.018337
0.017419
0.016338
0.019686
0.017302
0.011787
0.012047
0.011899
0.011856
0.012128
0.011930
0.011824
0.011902
0.011896
0.011953
0.012909
0.019078
0.018216
0.016998
0.017788
0.015153
0.011871
0.011766
0.017945
0.017660
0.011889
0.011793
0.011851
0.015074
0.016179
0.012108
0.011884
0.015997
0.015954
0.014878
0.015911
0.011958
0.011955
0.012082
0.016096
0.015412
0.016987
0.011944
0.017765
0.016450
0.016654
0.019701
0.017276
0.016213
0.015635
0.017959
0.018303
0.017345
0.017787
0.011966
0.012014
0.017517
0.017800
0.015484
0.012040
0.018719
0.016331
0.011953
0.011976
0.017106
0.011957
0.014625
0.017908
0.017927
0.011941
0.014800
0.017486
0.012646
0.018069
0.012138
0.012075
0.014908
0.012121
0.015163
0.012471
0.015367
0.013415
0.019043
0.018623
0.018272
0.011998
0.015593
0.016365
0.017619
0.016297
0.012037
0.018427
0.017725
0.012100
0.015149
0.016003
0.016577
0.012051
0.015730
0.012129
0.016061
0.016315
0.016622
0.018992
0.016529
0.016846
0.012053
0.012047
0.015574
0.016411
0.012036
0.012084
0.018273
0.016473
0.019591
0.017048
0.016424
0.017129
0.015867
0.016271
0.018020
0.012095
0.012101
0.016315
0.016107
0.012181
0.012201
0.012208
0.012215
0.012158
0.012146
0.012401
0.012307
0.012258
0.016416
0.012197
0.012171
0.012146
0.012192
0.012274
0.012371
0.012208
0.012316
0.012503
0.012875
0.012191
0.012285
0.012221
0.012340
0.012318
0.012180
0.012301
0.012280
0.012264
0.012199
0.012330
0.012826
0.013045
0.013080
0.013118
0.013030
0.012850
0.012394
0.012204
0.012356
0.012273
0.012284
0.012362
0.012261
0.012301
0.012214
0.012283
0.012171
0.012501
0.012252
0.012181
0.012284
0.012247
0.012239
0.012354
0.012282
0.012221
0.012225
0.012350
0.012259
0.012402
0.012294
0.012343
0.012265
0.012353
0.012247
0.012279
0.012321
0.012257
0.012536
0.012244
0.012348
0.012347
0.012411
0.012266
0.012398
0.012279
0.012462
0.012266
0.012294
0.012323
0.017370
0.013200
0.013067
0.014224
0.012615
0.012368
0.012437
0.012372
0.012511
0.016455
0.012483
0.012395
0.012383
0.012386
0.012458
0.012461
0.012426
0.012616
0.012449
0.012341
0.012367
0.012380
0.012690
0.012350
0.012404
0.012439
0.012381
0.012374
0.012346
0.012546
0.012414
0.012403
0.012474
0.012491
0.012486
0.012503
0.012589
0.012502
0.012442
0.012489
0.012583
0.012494
0.012484
0.012520
0.012631
0.012388
0.012507
0.012437
0.013269
0.013517
0.013150
0.013268
0.013515
0.012586
0.012767
0.012586
0.012448
0.012736
0.012457
0.012568
0.012521
0.012511
0.012496
0.012476
0.012465
0.012563
0.012477
0.012698
0.012521
0.016691
0.015902
0.012569
0.012520
0.012670
0.012553
0.012587
0.012428
0.012901
0.017640
0.012802
0.012657
0.012560
0.012687
0.012939
0.012649
0.012594
0.012955
0.019804
0.017101
0.018621
0.012641
0.019375
0.019382
0.013445
0.018658
0.019985
0.019443
0.014810
0.017953
0.012672
0.017412
0.012761
0.016545
0.017510
0.012607
0.018431
0.012499
0.018560
0.016493
0.016869
0.018616
0.012542
0.016719
0.018865
0.012502
0.018618
0.012655
0.012674
0.014861
0.017118
0.012648
0.012662
0.016539
0.017722
0.017475
0.012650
0.012672
0.012646
0.012651
0.015303
0.012578
0.012648
0.012657
0.015843
0.013418
0.018645
0.015966
0.021620
0.015969
0.019905
0.012735
0.017760
0.012683
0.015813
0.016270
0.018967
0.019117
0.012672
0.017889
0.020347
0.018947
0.017094
0.016009
0.019585
0.018852
0.020502
0.019415
0.017562
0.012734
0.015669
0.019390
0.019155
0.016813
0.015993
0.012749
0.012651
0.017988
0.016450
0.012667
0.019043
0.017566
0.019500
0.018556
0.013472
0.021007
0.016025
0.012698
0.015114
0.012751
0.012808
0.012838
0.014846
0.014259
0.012842
0.012751
0.012922
0.012748
0.012883
0.012701
0.012796
0.012745
0.018279
0.013600
0.012761
0.012886
0.012785
0.012729
0.012791
0.012774
0.012789
0.012796
0.012801
0.012755
0.012799
0.012854
0.012934
0.012844
0.012900
0.018895
0.012857
0.018679
0.016579
0.017433
0.012842
0.016182
0.012851
0.016384
0.020969
0.017661
0.017566
0.017742
0.018452
0.018074
0.016649
0.019629
0.020527
0.012972
0.012982
0.013130
0.018157
0.020238
0.012826
0.012928
0.017715
0.016159
0.017326
0.016576
0.016042
0.016357
0.017890
0.016839
0.017263
0.013017
0.013079
0.012938
0.012987
0.013043
0.012987
0.012908
0.016114
0.014253
0.012918
0.013537
0.013750
0.013982
0.019484
0.015486
0.013051
0.012915
0.012954
0.013297
0.013007
0.013012
0.013113
0.012999
0.012882
0.013078
0.012949
0.013016
0.012965
0.012986
0.012877
0.012916
0.013041
0.012995
0.013001
0.012985
0.012976
0.012884
0.013001
0.013069
0.012963
0.012917
0.012886
0.013038
0.013019
0.013058
0.013115
0.013249
0.012995
0.013051
0.013086
0.013157
0.013063
0.013469
0.013198
0.013016
0.013244
0.013002
0.019406
0.015533
0.013663
0.013786
0.020250
0.016511
0.017275
0.013161
0.013187
0.013204
0.013166
0.016939
0.013124
0.018957
0.019912
0.016276
0.013107
0.013023
0.013051
0.013331
0.013117
0.013203
0.013187
0.013161
0.013126
0.013300
0.013264
0.017126
0.013117
0.013086
0.013020
0.013150
0.013168
0.013190
0.013209
0.013148
0.013170
0.013132
0.013407
0.013074
0.013261
0.013122
0.013239
0.013252
0.013901
0.014030
0.013836
0.019389
0.013272
0.013278
0.013257
0.013116
0.013267
0.013169
0.013307
0.013201
0.013510
0.013572
0.013177
0.013227
0.013224
0.013257
0.013176
0.013121
0.013285
0.015628
0.013301
0.013277
0.013324
0.013259
0.013214
0.013618
0.013373
0.013395
0.013381
0.013311
0.013271
0.013249
0.013238
0.013286
0.013420
0.021453
0.013322
0.013319
0.014133
0.013418
0.013843
0.014424
0.014366
0.014048
0.013696
0.013394
0.013672
0.013527
0.013369
0.013665
0.013601
0.018029
0.013469
0.013451
0.013414
0.013453
0.013301
0.013380
0.013350
0.013329
0.013326
0.013320
0.013334
0.013414
0.013396
0.013412
0.013409
0.013431
0.013371
0.013503
0.002012
